23
3 9 1.5 9 0.46 0.38 0.42
3 9 4.5 9 0.46 0.38 0.42
3 9 7.5 9 0.46 0.38 0.42
3 9 10.5 9 0.46 0.38 0.42
3 9 13.5 9 0.46 0.38 0.42
3 -9 1.5 9 0.46 0.38 0.42
3 -9 4.5 9 0.46 0.38 0.42
3 -9 7.5 9 0.46 0.38 0.42
3 -9 10.5 9 0.46 0.38 0.42
3 -9 13.5 9 0.46 0.38 0.42
3 9 1.5 -9 0.46 0.38 0.42
3 9 4.5 -9 0.46 0.38 0.42
3 9 7.5 -9 0.46 0.38 0.42
3 9 10.5 -9 0.46 0.38 0.42
3 9 13.5 -9 0.46 0.38 0.42
3 -9 1.5 -9 0.46 0.38 0.42
3 -9 4.5 -9 0.46 0.38 0.42
3 -9 7.5 -9 0.46 0.38 0.42
3 -9 10.5 -9 0.46 0.38 0.42
3 -9 13.5 -9 0.46 0.38 0.42
18 0 20 0 0.26 0.15 0.08
3 3 24 -8 0.2 0.2 0.2
3 -3 24 -8 0.2 0.2 0.2